8

8
-0.5 -0.5 -0.5
-0.5  0.5 -0.5
 0.5  0.5 -0.5
 0.5 -0.5 -0.5
-0.5 -0.5  0.5
-0.5  0.5  0.5
 0.5  0.5  0.5
 0.5 -0.5  0.5
12
0 1 2
0 2 3
4 6 5
4 7 6
4 5 1
4 1 0
3 2 6
3 6 7
1 5 6
1 6 2
4 0 3
4 3 7
12
0 1
1 2
2 3
3 0
7 6
6 5
5 4
4 7
5 1
4 0
2 6
3 7
1
0 0 0

8
-0.5 -0.5 -0.5
-0.5  0.5 -0.5
 1.5  0.5 -0.5
 1.5 -0.5 -0.5
-0.5 -0.5  0.5
-0.5  0.5  0.5
 1.5  0.5  0.5
 1.5 -0.5  0.5
12
0 1 2
0 2 3
4 6 5
4 7 6
4 5 1
4 1 0
3 2 6
3 6 7
1 5 6
1 6 2
4 0 3
4 3 7
12
0 1
1 2
2 3
3 0
7 6
6 5
5 4
4 7
5 1
4 0
2 6
3 7
2
0 0 0
1 0 0

8
-1.5 -0.5 -0.5
-1.5  0.5 -0.5
 1.5  0.5 -0.5
 1.5 -0.5 -0.5
-1.5 -0.5  0.5
-1.5  0.5  0.5
 1.5  0.5  0.5
 1.5 -0.5  0.5
12
0 1 2
0 2 3
4 6 5
4 7 6
4 5 1
4 1 0
3 2 6
3 6 7
1 5 6
1 6 2
4 0 3
4 3 7
12
0 1
1 2
2 3
3 0
7 6
6 5
5 4
4 7
5 1
4 0
2 6
3 7
3
 0 0 0
-1 0 0
 1 0 0

8
-0.5 -0.5 -0.5
-0.5  1.5 -0.5
 1.5  1.5 -0.5
 1.5 -0.5 -0.5
-0.5 -0.5  0.5
-0.5  1.5  0.5
 1.5  1.5  0.5
 1.5 -0.5  0.5
12
0 1 2
0 2 3
4 6 5
4 7 6
4 5 1
4 1 0
3 2 6
3 6 7
1 5 6
1 6 2
4 0 3
4 3 7
12
0 1
1 2
2 3
3 0
7 6
6 5
5 4
4 7
5 1
4 0
2 6
3 7
4
0 0 0
1 0 0
0 1 0
1 1 0

12
-0.5 -0.5 -0.5
-0.5  1.5 -0.5
 0.5  1.5 -0.5
 0.5  0.5 -0.5
 1.5  0.5 -0.5
 1.5 -0.5 -0.5
-0.5 -0.5  0.5
-0.5  1.5  0.5
 0.5  1.5  0.5
 0.5  0.5  0.5
 1.5  0.5  0.5
 1.5 -0.5  0.5
20
 0  1  2
 0  2  3
 0  3  4
 0  4  5
 8  7  6
 9  8  6
10  9  6
11 10  6
 5  4 10
 5 10 11
 4  3  9
 4  9 10
 3  2  8
 3  8  9
 2  1  7
 2  7  8
 6  7  1
 6  1  0
 0  5 11
 0 11  6
17
 0  1
 1  2
 2  3
 3  4
 4  5
 5  0
 7  6
 8  7
 9  8
10  9
11 10
 6 11
 6  0
 7  1
 2  8
 4 10
 5 11
3
0 0 0
1 0 0
0 1 0

12
-1.5 -0.5 -0.5
-1.5  1.5 -0.5
-0.5  1.5 -0.5
-0.5  0.5 -0.5
 1.5  0.5 -0.5
 1.5 -0.5 -0.5
-1.5 -0.5  0.5
-1.5  1.5  0.5
-0.5  1.5  0.5
-0.5  0.5  0.5
 1.5  0.5  0.5
 1.5 -0.5  0.5
20
 0  1  2
 0  2  3
 0  3  4
 0  4  5
 8  7  6
 9  8  6
10  9  6
11 10  6
 5  4 10
 5 10 11
 4  3  9
 4  9 10
 3  2  8
 3  8  9
 2  1  7
 2  7  8
 6  7  1
 6  1  0
 0  5 11
 0 11  6
17
 0  1
 1  2
 2  3
 3  4
 4  5
 5  0
 7  6
 8  7
 9  8
10  9
11 10
 6 11
 6  0
 7  1
 2  8
 4 10
 5 11
4
 0 0 0
-1 0 0
 1 0 0
-1 1 0

16
-1.5 -0.5 -0.5
-1.5  0.5 -0.5
-0.5  0.5 -0.5
-0.5  1.5 -0.5
 0.5  1.5 -0.5
 0.5  0.5 -0.5
 1.5  0.5 -0.5
 1.5 -0.5 -0.5
-1.5 -0.5  0.5
-1.5  0.5  0.5
-0.5  0.5  0.5
-0.5  1.5  0.5
 0.5  1.5  0.5
 0.5  0.5  0.5
 1.5  0.5  0.5
 1.5 -0.5  0.5
24
 0  1  6
 0  6  7
 2  3  4
 2  4  5
14  9  8
15 14  8
12 11 10
13 12 10
 8  0  7
 8  7 15
15  7  6
15  6 14
14  6  5
14  5 13
13  5  4
13  4 12
12  4  3
12  3 11
11  3  2
11  2 10
10  2  1
10  1  9
 9  1  0
 9  0  8
22
 0  1
 1  2
 2  3
 3  4
 4  5
 5  6
 6  7
 7  0
 8 15
15 14
14 13
13 12
12 11
11 10
10  9
 9  8
 0  8
 9  1
11  3
12  4
14  6
 7 15
4
 0 0 0
-1 0 0
 1 0 0
 0 1 0

16
-1.5 -0.5 -0.5
-1.5  0.5 -0.5
-0.5  0.5 -0.5
-0.5  1.5 -0.5
 1.5  1.5 -0.5
 1.5  0.5 -0.5
 0.5  0.5 -0.5
 0.5 -0.5 -0.5
-1.5 -0.5  0.5
-1.5  0.5  0.5
-0.5  0.5  0.5
-0.5  1.5  0.5
 1.5  1.5  0.5
 1.5  0.5  0.5
 0.5  0.5  0.5
 0.5 -0.5  0.5
24
 0  1  6
 0  6  7
 2  3  4
 2  4  5
14  9  8
15 14  8
12 11 10
13 12 10
 8  0  7
 8  7 15
15  7  6
15  6 14
14  6  5
14  5 13
13  5  4
13  4 12
12  4  3
12  3 11
11  3  2
11  2 10
10  2  1
10  1  9
 9  1  0
 9  0  8
22
 0  1
 1  2
 2  3
 3  4
 4  5
 5  6
 6  7
 7  0
15 14
14 13
13 12
12 11
11 10
10  9
 9  8
 8 15
 0  8
 1  9
 3 11
 4 12
 5 13
 7 15
4
 0 0 0
-1 0 0
 0 1 0
 1 1 0
